     0  5.4718684  43.4524681
     1  5.4723550  43.4518492
     2  5.4723802  43.4518193
     3  5.4957551  43.4729894
     4  5.4939335  43.4730712
     5  5.4929953  43.4731221
     6  5.4918768  43.4732159
     7  5.4893998  43.4658880
     8  5.4890399  43.4657297
     9  5.4777780  43.4565248
    10  5.4774745  43.4558658
    11  5.4858704  43.4643883
    12  5.4857338  43.4644213
    13  5.4855083  43.4643203
    14  5.4854897  43.4642087
    15  5.4719223  43.4525027
    16  5.4719096  43.4526212
    17  5.4716083  43.4527337
    18  5.4715456  43.4526411
    19  5.4813228  43.4567472
    20  5.4809387  43.4567063
    21  5.4712410  43.4533488
    22  5.4713309  43.4549561
    23  5.4852605  43.4640355
    24  5.4700383  43.4552892
    25  5.4701461  43.4552335
    26  5.4701946  43.4552199
    27  5.4702329  43.4552098
    28  5.4706024  43.4551151
    29  5.4682402  43.4542817
    30  5.4681548  43.4546085
    31  5.4680203  43.4555402
    32  5.4664513  43.4554691
    33  5.4652771  43.4552700
    34  5.4695051  43.4536630
    35  5.4694287  43.4540524
    36  5.4692497  43.4528100
    37  5.4691468  43.4528492
    38  5.4690504  43.4527325
    39  5.4692614  43.4527428
    40  5.4695483  43.4527470
    41  5.4662795  43.4339607
    42  5.4662138  43.4341199
    43  5.4813445  43.4566834
    44  5.4815204  43.4566604
    45  5.4780531  43.4565613
    46  5.4780767  43.4566720
    47  5.4915124  43.4761916
    48  5.4918807  43.4746158
    49  5.4670013  43.4565307
    50  5.4671397  43.4559193
    51  5.4676716  43.4565770
    52  5.4672012  43.4565390
    53  5.4684922  43.4557520
    54  5.4685933  43.4552859
    55  5.4684719  43.4545611
    56  5.4783369  43.4734130
    57  5.4656290  43.4645767
    58  5.4657035  43.4644818
    59  5.4655240  43.4652486
    60  5.4656782  43.4661259
    61  5.4655995  43.4665407
    62  5.4655181  43.4669789
    63  5.4658566  43.4704390
    64  5.4657455  43.4711436
    65  5.4662515  43.4645142
    66  5.4664885  43.4646567
    67  5.4665618  43.4648405
    68  5.4665279  43.4649188
    69  5.4664163  43.4649873
    70  5.4658065  43.4650830
    71  5.4656929  43.4650895
    72  5.4655090  43.4650238
    73  5.4654452  43.4649634
    74  5.4706686  43.4766331
    75  5.4709822  43.4752154
    76  5.4731471  43.4752113
    77  5.4739760  43.4752808
    78  5.4913806  43.4765962
    79  5.4905283  43.4761073
    80  5.4887457  43.4754687
    81  5.4830490  43.4743796
    82  5.4889977  43.4737612
    83  5.4905101  43.4750409
    84  5.4904873  43.4746822
    85  5.4904414  43.4741066
    86  5.4904156  43.4737890
    87  5.4904060  43.4736707
    88  5.4897144  43.4750825
    89  5.4896971  43.4747270
    90  5.4897194  43.4742686
    91  5.4814281  43.4822532
    92  5.4821845  43.4755346
    93  5.4821389  43.4749554
    94  5.4920980  43.4745730
    95  5.4924077  43.4743833
    96  5.4927377  43.4742857
    97  5.4930899  43.4741816
    98  5.4926977  43.4758444
    99  5.4926462  43.4756638
   100  5.4920883  43.4750659
   101  5.4929123  43.4750410
   102  5.4922780  43.4735165
   103  5.4966717  43.4775697
   104  5.4945173  43.4751033
   105  5.4968776  43.4758507
   106  5.4955912  43.4748111
   107  5.4944315  43.4760936
   108  5.4939895  43.4752722
   109  5.4895649  43.4740070
   110  5.5016756  43.4763863
   111  5.5019013  43.4748032
   112  5.5022198  43.4738855
   113  5.5022354  43.4738153
   114  5.5031847  43.4738656
   115  5.5033738  43.4738036
   116  5.4976728  43.4746476
   117  5.4981139  43.4748297
   118  5.4993969  43.4739553
   119  5.5008803  43.4731562
   120  5.4983374  43.4743224
   121  5.4977989  43.4741180
   122  5.4975881  43.4736739
   123  5.4974623  43.4733757
   124  5.4974075  43.4732486
   125  5.4972849  43.4729864
   126  5.4972206  43.4729131
   127  5.4965515  43.4735959
   128  5.4996500  43.4728609
   129  5.4995280  43.4726294
   130  5.4959593  43.4740008
   131  5.4960356  43.4728865
   132  5.4954791  43.4725130
   133  5.4961089  43.4724379
   134  5.4961963  43.4724611
   135  5.5029527  43.4717196
   136  5.5020512  43.4714067
   137  5.5014569  43.4712732
   138  5.5008500  43.4711707
   139  5.5005813  43.4711277
   140  5.5000616  43.4710720
   141  5.4974295  43.4709168
   142  5.4968336  43.4718345
   143  5.4968748  43.4723087
   144  5.5024830  43.4730079
   145  5.4961425  43.4725195
   146  5.4960589  43.4725001
   147  5.4485112  43.4500747
   148  5.4482972  43.4499823
   149  5.4483211  43.4498047
   150  5.4483797  43.4497659
   151  5.4486302  43.4497672
   152  5.4482180  43.4499430
   153  5.4491756  43.4502642
   154  5.4486055  43.4500576
   155  5.4480246  43.4498113
   156  5.4487033  43.4496857
   157  5.4557223  43.4510086
   158  5.4541832  43.4517751
   159  5.4532512  43.4512743
   160  5.4542191  43.4516985
   161  5.4490964  43.4492644
   162  5.4485735  43.4489542
   163  5.4489227  43.4490337
   164  5.4491632  43.4492080
   165  5.4451377  43.4474320
   166  5.4450878  43.4474111
   167  5.4388266  43.4395741
   168  5.4369090  43.4353374
   169  5.4586566  43.4469757
   170  5.4585816  43.4470377
   171  5.4582025  43.4471444
   172  5.4550249  43.4452241
   173  5.4547596  43.4449579
   174  5.4507580  43.4458093
   175  5.4506988  43.4455399
   176  5.4531816  43.4512299
   177  5.4501845  43.4461319
   178  5.4509619  43.4457362
   179  5.4521010  43.4456272
   180  5.4522997  43.4456133
   181  5.4538928  43.4453255
   182  5.4540563  43.4452889
   183  5.4546973  43.4452197
   184  5.4571144  43.4452883
   185  5.4574335  43.4452981
   186  5.4576604  43.4451165
   187  5.4558817  43.4483531
   188  5.4553760  43.4484380
   189  5.4523221  43.4459175
   190  5.4540370  43.4455352
   191  5.4585765  43.4468730
   192  5.4558479  43.4482259
   193  5.4577725  43.4453929
   194  5.4658242  43.4341357
   195  5.4660228  43.4339735
   196  5.4646219  43.4348569
   197  5.4653508  43.4344160
   198  5.4660278  43.4340746
   199  5.4595729  43.4387594
   200  5.4613388  43.4378032
   201  5.4619456  43.4371352
   202  5.4620188  43.4370373
   203  5.4625358  43.4363421
   204  5.4629441  43.4358896
   205  5.4630746  43.4358065
   206  5.4634387  43.4355795
   207  5.4640313  43.4352232
   208  5.4641925  43.4351268
   209  5.4644140  43.4349876
   210  5.4652185  43.4534486
   211  5.4654288  43.4534704
   212  5.4655920  43.4535616
   213  5.4655848  43.4535805
   214  5.4655376  43.4536211
   215  5.4654634  43.4536333
   216  5.4610091  43.4488531
   217  5.4604814  43.4485662
   218  5.4603038  43.4484289
   219  5.4602104  43.4483481
   220  5.4591512  43.4474359
   221  5.4587316  43.4470674
   222  5.4583317  43.4463954
   223  5.4653584  43.4535492
   224  5.4560255  43.4664651
   225  5.4559613  43.4663199
   226  5.4586141  43.4590128
   227  5.4585790  43.4590329
   228  5.4584223  43.4590249
   229  5.4583728  43.4589738
   230  5.4583827  43.4588939
   231  5.4587419  43.4564506
   232  5.4584715  43.4569333
   233  5.4582111  43.4576003
   234  5.4581770  43.4576924
   235  5.4580740  43.4585879
   236  5.4628984  43.4575904
   237  5.4629100  43.4574983
   238  5.4630569  43.4574046
   239  5.4598110  43.4559030
   240  5.4634104  43.4575075
   241  5.4658757  43.4602081
   242  5.4601539  43.4558291
   243  5.4631240  43.4573290
   244  5.4633125  43.4572062
   245  5.4633506  43.4570099
   246  5.4650710  43.4554576
   247  5.4650207  43.4555450
   248  5.4646531  43.4550492
   249  5.4649796  43.4551599
   250  5.4651423  43.4553895
   251  5.4627325  43.4577446
   252  5.4627332  43.4577336
   253  5.4628332  43.4576114
   254  5.4635485  43.4648076
   255  5.4635674  43.4649106
   256  5.4635433  43.4647371
   257  5.4669515  43.4647082
   258  5.4796092  43.4679761
   259  5.4795406  43.4679676
   260  5.4794855  43.4676737
   261  5.4795945  43.4676445
   262  5.4797087  43.4676643
   263  5.4798401  43.4678083
   264  5.4797501  43.4679425
   265  5.4783028  43.4690178
   266  5.4792369  43.4688841
   267  5.4795877  43.4686138
   268  5.4797122  43.4686090
   269  5.4796478  43.4686895
   270  5.4795195  43.4674247
   271  5.4741301  43.4585069
   272  5.4745436  43.4589798
   273  5.4746036  43.4590460
   274  5.4771058  43.4613658
   275  5.4784952  43.4622267
   276  5.4660279  43.4626287
   277  5.4660655  43.4633359
   278  5.4634860  43.4573054
   279  5.4633700  43.4574000
   280  5.4629916  43.4575875
   281  5.4631041  43.4575113
   282  5.4640460  43.4565182
   283  5.4648794  43.4554689
   284  5.4654218  43.4537063
   285  5.4644957  43.4550698
   286  5.4645585  43.4549433
   287  5.4631006  43.4578679
   288  5.4631161  43.4580968
   289  5.4629582  43.4579076
   290  5.4586515  43.4589335
   291  5.4588151  43.4589771
   292  5.4604476  43.4587590
   293  5.4614558  43.4585635
   294  5.4623936  43.4580651
   295  5.4625751  43.4579486
   296  5.4628998  43.4579026
   297  5.4603790  43.4582605
   298  5.4596837  43.4583228
   299  5.4602674  43.4579428
   300  5.4585568  43.4591500
   301  5.4591940  43.4602821
   302  5.4592904  43.4606839
   303  5.4575001  43.4591215
   304  5.4582332  43.4602293
   305  5.4568390  43.4592264
   306  5.4581579  43.4607864
   307  5.4610763  43.4576958
   308  5.4612043  43.4573624
   309  5.4604181  43.4575339
   310  5.4564358  43.4588003
   311  5.4508051  43.4587258
   312  5.4529631  43.4601722
   313  5.4563023  43.4593640
   314  5.4561618  43.4582989
   315  5.4572908  43.4577516
   316  5.4649915  43.4594227
   317  5.4606973  43.4630830
   318  5.4664987  43.4558805
   319  5.4654571  43.4573465
   320  5.4663189  43.4571646
   321  5.4657367  43.4581569
   322  5.4680899  43.4640154
   323  5.4666608  43.4613446
   324  5.4666063  43.4598334
   325  5.4667577  43.4595900
   326  5.4686434  43.4547212
   327  5.4696587  43.4550927
   328  5.4696814  43.4552418
   329  5.4697462  43.4553643
   330  5.4699401  43.4556858
   331  5.4700198  43.4557725
   332  5.4709462  43.4551059
   333  5.4717446  43.4548773
   334  5.4735868  43.4523042
   335  5.4735118  43.4523220
   336  5.4742606  43.4521884
   337  5.4741950  43.4521744
   338  5.4741413  43.4520829
   339  5.4741749  43.4520375
   340  5.4725999  43.4511984
   341  5.4725646  43.4510126
   342  5.4724898  43.4514176
   343  5.4723051  43.4514164
   344  5.4689243  43.4515679
   345  5.4691161  43.4515491
   346  5.4740243  43.4519536
   347  5.4727781  43.4514086
   348  5.4729391  43.4514584
   349  5.4725551  43.4514828
   350  5.4725044  43.4513450
   351  5.4725629  43.4512981
   352  5.4726697  43.4512887
   353  5.4791946  43.4499648
   354  5.4743782  43.4520777
   355  5.4743306  43.4520279
   356  5.4791601  43.4498863
   357  5.4740502  43.4522079
   358  5.4801245  43.4492492
   359  5.4799348  43.4490896
   360  5.4650130  43.4403515
   361  5.4649754  43.4401461
   362  5.4650466  43.4404964
   363  5.4650314  43.4404859
   364  5.4650550  43.4407176
   365  5.4655083  43.4426020
   366  5.4664774  43.4442155
   367  5.4669497  43.4448581
   368  5.4669046  43.4449281
   369  5.4667541  43.4449581
   370  5.4666962  43.4447582
   371  5.4667884  43.4447338
   372  5.4669528  43.4452356
   373  5.4680175  43.4479241
   374  5.4689356  43.4507111
   375  5.4689505  43.4513567
   376  5.4684335  43.4522047
   377  5.4683894  43.4521975
   378  5.4683682  43.4521858
   379  5.4687655  43.4514645
   380  5.4682685  43.4522501
   381  5.4655660  43.4534938
   382  5.4683203  43.4521417
   383  5.4689138  43.4515046
   384  5.4697153  43.4469809
   385  5.4696116  43.4469640
   386  5.4696715  43.4469001
   387  5.4697299  43.4469663
   388  5.4695619  43.4463778
   389  5.4696547  43.4462310
   390  5.4697268  43.4460762
   391  5.4730945  43.4468166
   392  5.4713850  43.4468499
   393  5.4707399  43.4477729
   394  5.4698670  43.4496223
   395  5.4697867  43.4498910
   396  5.4696928  43.4502720
   397  5.4691999  43.4515409
   398  5.4685092  43.4521725
   399  5.4685610  43.4522723
   400  5.4728194  43.4479915
   401  5.4725897  43.4478995
   402  5.4725412  43.4481718
   403  5.4727881  43.4482578
   404  5.4721569  43.4482532
   405  5.4717909  43.4484115
   406  5.4693172  43.4475603
   407  5.4693690  43.4469875
   408  5.4685200  43.4470110
   409  5.4746090  43.4544066
   410  5.4747041  43.4546118
   411  5.4715234  43.4558141
   412  5.4721823  43.4555623
   413  5.4734931  43.4550682
   414  5.4750079  43.4551839
   415  5.4738744  43.4556175
   416  5.4725896  43.4561090
   417  5.4731742  43.4546231
   418  5.4744400  43.4565659
   419  5.4777254  43.4566924
   420  5.4775601  43.4566728
   421  5.4777114  43.4566111
   422  5.4728245  43.4564408
   423  5.4728808  43.4580431
   424  5.4727054  43.4580750
   425  5.4692354  43.4551293
   426  5.4691362  43.4552901
   427  5.4693339  43.4558659
   428  5.4696356  43.4560172
   429  5.4761562  43.4567481
   430  5.4759971  43.4590097
   431  5.4772972  43.4585901
   432  5.4773013  43.4571911
   433  5.4773055  43.4576775
   434  5.4783841  43.4590004
   435  5.4785247  43.4593175
   436  5.4780157  43.4567405
   437  5.4787769  43.4586457
   438  5.4791672  43.4597502
   439  5.4788357  43.4589641
   440  5.4792567  43.4597386
   441  5.4793547  43.4597971
   442  5.4793593  43.4598563
   443  5.4788754  43.4598245
   444  5.4791257  43.4597783
   445  5.4780881  43.4596108
   446  5.4777358  43.4602708
   447  5.4779574  43.4605879
   448  5.4781926  43.4607525
   449  5.4792882  43.4617139
   450  5.4797164  43.4619779
   451  5.4795410  43.4627189
   452  5.4792355  43.4629123
   453  5.4792637  43.4633237
   454  5.4789141  43.4607849
   455  5.4798246  43.4602237
   456  5.4799091  43.4617737
   457  5.4802997  43.4605656
   458  5.4809886  43.4610703
   459  5.4774573  43.4610421
   460  5.4786278  43.4540067
   461  5.4784857  43.4535214
   462  5.4799721  43.4525799
   463  5.4803456  43.4524750
   464  5.4771019  43.4537452
   465  5.4769441  43.4535614
   466  5.4796018  43.4508701
   467  5.4801996  43.4507336
   468  5.4807545  43.4506044
   469  5.4806089  43.4501175
   470  5.4791695  43.4510932
   471  5.4790349  43.4496271
   472  5.4788235  43.4493112
   473  5.4781956  43.4487518
   474  5.4805322  43.4509552
   475  5.4810145  43.4508266
   476  5.4818886  43.4506190
   477  5.4833923  43.4500358
   478  5.4834972  43.4492992
   479  5.4845299  43.4475539
   480  5.4790193  43.4511329
   481  5.4785817  43.4516262
   482  5.4790527  43.4523094
   483  5.4778360  43.4520390
   484  5.4856887  43.4440780
   485  5.4860131  43.4443532
   486  5.4860478  43.4443832
   487  5.4862944  43.4446117
   488  5.4863667  43.4456331
   489  5.4857301  43.4463542
   490  5.4850199  43.4469495
   491  5.4846224  43.4472273
   492  5.4846311  43.4477131
   493  5.4859426  43.4519076
   494  5.4834185  43.4508229
   495  5.4792986  43.4477130
   496  5.4787073  43.4470848
   497  5.4784649  43.4468924
   498  5.4787055  43.4480382
   499  5.4780101  43.4472918
   500  5.4763788  43.4468124
   501  5.4763265  43.4468334
   502  5.4760146  43.4469302
   503  5.4753972  43.4471490
   504  5.4752183  43.4472241
   505  5.4750577  43.4472881
   506  5.4743922  43.4476207
   507  5.4741082  43.4481284
   508  5.4744794  43.4475709
   509  5.4731412  43.4479774
   510  5.4728706  43.4492007
   511  5.4755799  43.4481760
   512  5.4767241  43.4561838
   513  5.4773705  43.4559520
   514  5.4743717  43.4521359
   515  5.4744744  43.4522232
   516  5.4714820  43.4564978
   517  5.4708446  43.4566548
   518  5.4656365  43.4582687
   519  5.4637475  43.4572241
   520  5.4637472  43.4573272
   521  5.4788139  43.4566346
   522  5.4801654  43.4583136
   523  5.4824867  43.4581246
   524  5.4820540  43.4587377
   525  5.4822512  43.4591554
   526  5.4815813  43.4589581
   527  5.4832294  43.4590041
   528  5.4823196  43.4579154
   529  5.4828694  43.4576908
   530  5.4825159  43.4569755
   531  5.4651809  43.4405196
   532  5.4653793  43.4405546
   533  5.4652309  43.4405041
   534  5.4653010  43.4404075
   535  5.4723501  43.4440672
   536  5.4721664  43.4441825
   537  5.4716195  43.4442804
   538  5.4669146  43.4447730
   539  5.4672401  43.4448099
   540  5.4695879  43.4451108
   541  5.4708440  43.4453943
   542  5.4701265  43.4454800
   543  5.4696479  43.4455845
   544  5.4681351  43.4462690
   545  5.4697923  43.4549198
   546  5.4688908  43.4545181
   547  5.4704623  43.4557314
   548  5.4702634  43.4557589
   549  5.4702425  43.4557185
   550  5.4701603  43.4554886
   551  5.4696707  43.4560321
   552  5.4697848  43.4558482
   553  5.4694064  43.4543973
   554  5.4695995  43.4540823
   555  5.4700870  43.4557520
   556  5.4701628  43.4560354
   557  5.4700273  43.4555407
   558  5.4698901  43.4553068
   559  5.4726539  43.4514978
   560  5.4726163  43.4515519
   561  5.4729584  43.4517599
   562  5.4725544  43.4518743
   563  5.4665208  43.4551124
   564  5.4671753  43.4549180
   565  5.4670576  43.4532026
   566  5.4676711  43.4537799
   567  5.4680546  43.4541815
   568  5.4674579  43.4572322
   569  5.4684484  43.4559353
   570  5.4668132  43.4545798
   571  5.4672514  43.4544324
   572  5.4674301  43.4543728
   573  5.4580397  43.4409247
   574  5.4578419  43.4408621
   575  5.4572728  43.4406089
   576  5.4572527  43.4405996
   577  5.4568638  43.4404105
   578  5.4565693  43.4402379
   579  5.4565160  43.4401985
   580  5.4558763  43.4397979
   581  5.4557696  43.4397756
   582  5.4557482  43.4396259
   583  5.4558414  43.4395878
   584  5.4559585  43.4396139
   585  5.4567857  43.4382103
   586  5.4572159  43.4384405
   587  5.4580343  43.4395453
   588  5.4579924  43.4396148
   589  5.4572815  43.4394570
   590  5.4549598  43.4409487
   591  5.4543112  43.4400519
   592  5.4540035  43.4399440
   593  5.4537410  43.4398519
   594  5.4541529  43.4404065
   595  5.4546164  43.4395777
   596  5.4540156  43.4393595
   597  5.4555949  43.4399142
   598  5.4560632  43.4403316
   599  5.4563330  43.4407431
   600  5.4562215  43.4388298
   601  5.4550971  43.4380445
   602  5.4563814  43.4390120
   603  5.4559897  43.4379760
   604  5.4588212  43.4390883
   605  5.4586950  43.4383164
   606  5.4585646  43.4374400
   607  5.4585217  43.4369788
   608  5.4573973  43.4371408
   609  5.4566249  43.4374338
   610  5.4562215  43.4357261
   611  5.4597611  43.4378813
   612  5.4600304  43.4381736
   613  5.4593028  43.4373029
   614  5.4549769  43.4386989
   615  5.4547623  43.4388547
   616  5.4549683  43.4385867
   617  5.4589590  43.4390945
   618  5.4594082  43.4397237
   619  5.4596710  43.4396628
   620  5.4602645  43.4391438
   621  5.4604901  43.4377092
   622  5.4602486  43.4375649
   623  5.4600061  43.4373989
   624  5.4594407  43.4369058
   625  5.4592599  43.4367482
   626  5.4620790  43.4410612
   627  5.4642045  43.4402676
   628  5.4648458  43.4386475
   629  5.4648761  43.4391481
   630  5.4648850  43.4393335
   631  5.4648829  43.4395301
   632  5.4647353  43.4397080
   633  5.4621126  43.4400075
   634  5.4635731  43.4376203
   635  5.4634582  43.4385320
   636  5.4627413  43.4392866
   637  5.4629722  43.4376016
   638  5.4626727  43.4397995
   639  5.4621338  43.4398215
   640  5.4640557  43.4378452
   641  5.4649108  43.4376556
   642  5.4640057  43.4384935
   643  5.4649521  43.4351434
   644  5.4650815  43.4353084
   645  5.4643176  43.4362399
   646  5.4626667  43.4371203
   647  5.4658674  43.4348340
   648  5.4705001  43.4339014
   649  5.4723454  43.4337151
   650  5.4737111  43.4336329
   651  5.4736678  43.4329042
   652  5.4731490  43.4316983
   653  5.4724580  43.4319829
   654  5.4702777  43.4329767
   655  5.4628037  43.4341186
   656  5.4625885  43.4342339
   657  5.4660834  43.4339268
   658  5.4650116  43.4330368
   659  5.4645583  43.4326921
   660  5.4631553  43.4353660
   661  5.4629230  43.4351910
   662  5.4627959  43.4351151
   663  5.4619386  43.4354727
   664  5.4615209  43.4351259
   665  5.4857878  43.4477300
   666  5.4871138  43.4479145
   667  5.4875086  43.4475405
   668  5.4885895  43.4479648
   669  5.4855905  43.4481533
   670  5.4879523  43.4480447
   671  5.4778820  43.4500820
   672  5.4647996  43.4325195
   673  5.4663440  43.4337090
   674  5.4711691  43.4412392
   675  5.4714880  43.4411515
   676  5.4726773  43.4411297
   677  5.4717085  43.4408718
   678  5.4657297  43.4424678
   679  5.4665064  43.4419913
   680  5.4677405  43.4415496
   681  5.4669166  43.4424476
   682  5.4675859  43.4424002
   683  5.4678111  43.4425297
   684  5.4679150  43.4427361
   685  5.4667809  43.4425513
   686  5.4670688  43.4426563
   687  5.4659932  43.4425660
   688  5.4660938  43.4430098
   689  5.4648356  43.4409897
   690  5.4631424  43.4412362
   691  5.4635994  43.4395693
   692  5.4638912  43.4393698
   693  5.4640418  43.4391838
   694  5.4979799  43.4728178
   695  5.5003191  43.4736955
   696  5.5015517  43.4737653
   697  5.4970982  43.4728757
   698  5.4965111  43.4729198
   699  5.4971773  43.4751937
   700  5.4967408  43.4746041
   701  5.4990362  43.4758314
   702  5.4979834  43.4745576
   703  5.4688829  43.4696099
   704  5.4656088  43.4721845
   705  5.4601082  43.4708879
   706  5.4909982  43.4847074
   707  5.4640529  43.4759949
   708  5.4586375  43.4713839
   709  5.4707589  43.4635069
   710  5.4726799  43.4642494
   711  5.4952008  43.4520655
   712  5.4910043  43.4525778
   713  5.4661821  43.4342073
   714  5.4651762  43.4402992
   715  5.4514398  43.4509212
   716  5.4704239  43.4751029
   717  5.4654313  43.4737803
   718  5.4658830  43.4643836
   719  5.4658370  43.4629352
   720  5.4662265  43.4651626
   721  5.4670765  43.4667497
   722  5.4795259  43.4733942
   723  5.4660942  43.4651938
   724  5.4660096  43.4643624
   725  5.4695229  43.4655948
   726  5.4734537  43.4685412
   727  5.4512496  43.4509372
   728  5.4509699  43.4507908
   729  5.4493515  43.4492848
   730  5.4511013  43.4500007
   731  5.4513342  43.4501010
   732  5.4516163  43.4502688
   733  5.4488933  43.4494707
   734  5.4487283  43.4499453
   735  5.4487922  43.4500248
   736  5.4586778  43.4469141
   737  5.4591951  43.4474099
   738  5.4596685  43.4477865
   739  5.4602625  43.4482942
   740  5.4603634  43.4483787
   741  5.4654305  43.4343704
   742  5.4923794  43.4604019
   743  5.4859617  43.4641926
   744  5.4819301  43.4739936
   745  5.4818314  43.4734744
   746  5.4816740  43.4748237
   747  5.4748191  43.4728160
   748  5.4707907  43.4711223
   749  5.4677101  43.4681702
   750  5.4915856  43.4728755
   751  5.4903427  43.4728744
   752  5.4819170  43.4718037
   753  5.4816734  43.4718526
   754  5.4816564  43.4722110
   755  5.4814345  43.4722234
   756  5.4812639  43.4721084
   757  5.4812883  43.4719152
   758  5.4814677  43.4718267
   759  5.4817907  43.4719552
   760  5.4818089  43.4720188
   761  5.4817197  43.4721785
   762  5.4971142  43.4686257
   763  5.4972316  43.4684846
   764  5.4535353  43.4535411
   765  5.4534881  43.4535999
   766  5.4528133  43.4547737
   767  5.4527712  43.4546039
   768  5.4529779  43.4545488
   769  5.4530908  43.4547149
   770  5.4528585  43.4547923
   771  5.4537507  43.4554399
   772  5.4521424  43.4521055
   773  5.4455959  43.4515379
   774  5.4806399  43.4695780
   775  5.4744606  43.4709494
   776  5.4807020  43.4631393
   777  5.4838070  43.4651373
   778  5.4553530  43.4737751
   779  5.4501410  43.4780440
   780  5.5030300  43.4682557
   781  5.5019875  43.4699880
   782  5.4703851  43.4561430
   783  5.4706573  43.4564872
   784  5.4704287  43.4556222
   785  5.4769522  43.4567084
   786  5.4706627  43.4550314
   787  5.4708296  43.4555299
   788  5.4685805  43.4544015
   789  5.4675034  43.4544987
   790  5.4681163  43.4543104
   791  5.4671761  43.4546062
   792  5.4668787  43.4547018
   793  5.4663948  43.4548580
   794  5.4701467  43.4560493
   795  5.4692322  43.4546363
   796  5.4707120  43.4559154
   797  5.4683635  43.4541524
   798  5.4700392  43.4551086
   799  5.4693139  43.4560868
   800  5.4692036  43.4575443
   801  5.4665051  43.4572363
   802  5.4673710  43.4574566
   803  5.4705199  43.4575070
   804  5.4686349  43.4559711
   805  5.4668908  43.4555401
   806  5.4648562  43.4568851
   807  5.4685694  43.4559597
   808  5.4687913  43.4570457
   809  5.4692373  43.4577154
   810  5.4691164  43.4583670
   811  5.4690636  43.4586399
   812  5.4722378  43.4584862
   813  5.4733283  43.4582552
   814  5.4684061  43.4561812
   815  5.4684845  43.4559450
   816  5.4894499  43.4541866
   817  5.4877274  43.4549667
   818  5.4855507  43.4555900
   819  5.4772561  43.4566918
   820  5.4772824  43.4588239
   821  5.4635858  43.4569525
   822  5.4637234  43.4568793
   823  5.4637959  43.4569174
   824  5.4637449  43.4570311
   825  5.4651797  43.4586450
   826  5.4651297  43.4586629
   827  5.4641153  43.4565621
   828  5.4837795  43.4630977
   829  5.4857730  43.4640703
   830  5.4861754  43.4638280
   831  5.4859722  43.4642505
   832  5.4862238  43.4644408
   833  5.4649190  43.4406443
   834  5.4620995  43.4410629
   835  5.4597725  43.4477150
   836  5.4663646  43.4651201
   837  5.4482660  43.4718219
   838  5.4480189  43.4718614
   839  5.4453810  43.4719604
   840  5.4419279  43.4723153
   841  5.4501822  43.4711656
   842  5.4508811  43.4708415
   843  5.4510011  43.4707886
   844  5.4635038  43.4652653
   845  5.4652170  43.4649230
   846  5.4519936  43.4706578
   847  5.4510306  43.4708466
   848  5.4509272  43.4708766
   849  5.4653892  43.4589735
   850  5.4635549  43.4573087
   851  5.4637244  43.4651529
   852  5.4533928  43.4720103
   853  5.4612839  43.4786206
   854  5.4508024  43.4706796
   855  5.4511129  43.4708493
   856  5.4510969  43.4709191
   857  5.4511138  43.4710067
   858  5.4509692  43.4709085
   859  5.4505351  43.4699711
   860  5.4625176  43.4658547
   861  5.4636090  43.4652089
   862  5.4509109  43.4708642
   863  5.4510584  43.4708706
   864  5.4392812  43.4388592
   865  5.4442566  43.4351195
   866  5.4488682  43.4326188
   867  5.4554124  43.4295825
   868  5.4565688  43.4552424
   869  5.4572471  43.4564280
   870  5.4570697  43.4550780
   871  5.4555498  43.4555619
   872  5.4551733  43.4557091
   873  5.4511189  43.4564069
   874  5.4551250  43.4561667
   875  5.4534406  43.4565678
   876  5.4499586  43.4370728
   877  5.4875855  43.4548791
   878  5.4897389  43.4550899
   879  5.4916416  43.4548270
   880  5.4926544  43.4553235
   881  5.4454097  43.4396711
   882  5.4522333  43.4348371
   883  5.4818273  43.4746555
   884  5.4822915  43.4748100
   885  5.4822236  43.4748357
   886  5.4820497  43.4748423
   887  5.4819537  43.4748108
   888  5.4818582  43.4747316
   889  5.4746955  43.4723140
   890  5.4694890  43.4694945
   891  5.4726773  43.4695100
   892  5.4818876  43.4745027
   893  5.4904337  43.4772449
   894  5.4838974  43.4750158
   895  5.4824167  43.4746523
   896  5.4824136  43.4745979
   897  5.4823027  43.4744640
   898  5.4819427  43.4744630
   899  5.4746998  43.4738799
   900  5.4763923  43.4742868
   901  5.4734472  43.4740668
   902  5.4702393  43.4768267
   903  5.4655426  43.4663539
   904  5.4817548  43.4731362
   905  5.4967326  43.4722931
   906  5.4962465  43.4729531
   907  5.4960853  43.4729637
   908  5.4482043  43.4597838
   909  5.4498104  43.4689244
   910  5.4816436  43.4726089
   911  5.4974007  43.4696493
   912  5.4960528  43.4728466
   913  5.4960668  43.4727520
   914  5.5009489  43.4731191
   915  5.5096401  43.4301364
   916  5.5082973  43.4307021
   917  5.4974734  43.4355707
   918  5.4973072  43.4356529
   919  5.4888983  43.4406331
   920  5.4885978  43.4412647
   921  5.4872231  43.4426520
   922  5.4865599  43.4432888
   923  5.4889305  43.4475062
   924  5.4889651  43.4479200
   925  5.4886747  43.4429938
   926  5.4889006  43.4432273
   927  5.4894649  43.4499557
   928  5.4892637  43.4455645
   929  5.4891457  43.4453231
   930  5.4882847  43.4382586
   931  5.4881104  43.4378272
   932  5.4880440  43.4374427
   933  5.4840066  43.4361016
   934  5.4837482  43.4363890
   935  5.4801341  43.4354738
   936  5.4785456  43.4363041
   937  5.4777919  43.4359828
   938  5.4792395  43.4429757
   939  5.4784816  43.4412518
   940  5.4792059  43.4364596
   941  5.4838284  43.4394460
   942  5.4799065  43.4405530
   943  5.4789721  43.4410406
   944  5.4772349  43.4417855
   945  5.4766349  43.4422376
   946  5.4774675  43.4389645
   947  5.4801282  43.4354544
   948  5.4801406  43.4380289
   949  5.4765453  43.4415232
   950  5.4803272  43.4388668
   951  5.4874801  43.4389607
   952  5.4871844  43.4421136
   953  5.4800363  43.4453981
   954  5.4802697  43.4453241
   955  5.4806356  43.4452520
   956  5.4786322  43.4465481
   957  5.4789750  43.4463005
   958  5.4793885  43.4459446
   959  5.4863649  43.4434814
   960  5.4863026  43.4433289
   961  5.4783702  43.4469219
   962  5.4773306  43.4476837
   963  5.4782289  43.4468069
   964  5.4777988  43.4466607
   965  5.4782781  43.4467431
   966  5.4782377  43.4468589
   967  5.4783889  43.4467213
   968  5.4800360  43.4455676
   969  5.4799693  43.4456445
   970  5.4798757  43.4457039
   971  5.4811243  43.4453722
   972  5.4813811  43.4454616
   973  5.4804132  43.4453595
   974  5.4728009  43.4512511
   975  5.4794618  43.4459817
   976  5.4790145  43.4463235
   977  5.4785689  43.4466989
   978  5.4568658  43.4507501
   979  5.4565906  43.4502776
   980  5.4560798  43.4502300
   981  5.4567060  43.4501273
   982  5.4559200  43.4501276
   983  5.4558818  43.4503184
   984  5.4657226  43.4536517
   985  5.4673244  43.4531194
   986  5.4680728  43.4534194
   987  5.4676700  43.4530936
   988  5.4819171  43.4566139
   989  5.4815746  43.4567313
   990  5.4786248  43.4566343
   991  5.4799924  43.4566655
   992  5.4814572  43.4568274
   993  5.4762226  43.4547358
   994  5.4706333  43.4412940
   995  5.4706348  43.4415879
   996  5.4713152  43.4415407
   997  5.4636354  43.4420312
   998  5.4647910  43.4411904
   999  5.4831937  43.4370936
  1000  5.4842478  43.4350077
  1001  5.4839112  43.4360546
  1002  5.4973053  43.4684722
  1003  5.4974987  43.4683129
  1004  5.4674817  43.4708163
  1005  5.4673807  43.4711919
  1006  5.4668760  43.4713005
  1007  5.4672570  43.4712365
  1008  5.4671013  43.4709832
  1009  5.4938685  43.4464802
  1010  5.5010239  43.4388195
  1011  5.5012857  43.4385618
  1012  5.5035017  43.4368423
  1013  5.5033364  43.4380310
  1014  5.4927214  43.4367688
  1015  5.4909458  43.4347977
  1016  5.4883468  43.4381696
  1017  5.4808400  43.4706784
  1018  5.4829501  43.4712063
  1019  5.4971599  43.4687089
  1020  5.4973696  43.4687548
  1021  5.4972903  43.4688483
  1022  5.4959497  43.4729930
  1023  5.4962492  43.4728335
  1024  5.4980963  43.4688503
  1025  5.4974543  43.4687179
  1026  5.4969706  43.4685429
  1027  5.4961330  43.4682669
  1028  5.4920097  43.4669146
  1029  5.4974950  43.4685587
  1030  5.4976545  43.4686623
  1031  5.4974529  43.4685140
  1032  5.4499547  43.4689622
  1033  5.4512726  43.4686465
  1034  5.4941009  43.4752266
  1035  5.4874825  43.4434993
  1036  5.4877274  43.4434075
  1037  5.4836183  43.4524146
  1038  5.4849362  43.4530889
  1039  5.4853347  43.4529632
  1040  5.4858125  43.4528126
  1041  5.4875077  43.4519319
  1042  5.4814603  43.4513646
  1043  5.4821173  43.4517541
  1044  5.4805831  43.4514542
  1045  5.4878622  43.4441161
  1046  5.4882972  43.4440312
  1047  5.4856131  43.4531546
  1048  5.4811957  43.4522514
  1049  5.4808912  43.4523280
  1050  5.4817773  43.4512787
  1051  5.4846412  43.4525814
  1052  5.4873343  43.4473347
  1053  5.4856677  43.4522595
  1054  5.4796725  43.4494126
  1055  5.4856036  43.4447090
  1056  5.4844418  43.4469120
  1057  5.4835325  43.4502054
  1058  5.4800654  43.4519274
  1059  5.4870953  43.4454800
  1060  5.4825662  43.4511272
  1061  5.4833367  43.4525179
  1062  5.4800882  43.4536708
  1063  5.4797834  43.4531078
  1064  5.4837430  43.4523673
  1065  5.4837420  43.4522187
  1066  5.4838928  43.4523105
  1067  5.4816442  43.4531692
  1068  5.4810230  43.4519547
  1069  5.4799641  43.4496437
  1070  5.4867830  43.4475472
  1071  5.4873786  43.4473106
  1072  5.4773836  43.4541927
  1073  5.4777141  43.4558218
  1074  5.4839341  43.4509836
  1075  5.4724590  43.4439277
  1076  5.4723150  43.4436502
  1077  5.4724222  43.4436236
  1078  5.4725052  43.4436558
  1079  5.4727624  43.4439295
  1080  5.4723167  43.4435041
  1081  5.4713440  43.4416054
  1082  5.4700434  43.4400423
  1083  5.4658835  43.4405575
  1084  5.4728832  43.4441203
  1085  5.4726093  43.4440377
  1086  5.4746860  43.4453665
  1087  5.4732052  43.4463892
  1088  5.4731875  43.4414896
  1089  5.4717641  43.4416099
  1090  5.4737755  43.4514812
  1091  5.4733948  43.4511534
  1092  5.4755221  43.4475664
  1093  5.4805175  43.4456860
  1094  5.4802836  43.4458332
  1095  5.4701795  43.4416305
  1096  5.4783465  43.4480847
  1097  5.4781684  43.4482413
  1098  5.4762007  43.4465765
  1099  5.4758626  43.4466826
  1100  5.4761367  43.4464538
  1101  5.4733842  43.4479338
  1102  5.4736026  43.4473388
  1103  5.4752885  43.4458592
  1104  5.4758165  43.4464249
  1105  5.4785422  43.4482212
  1106  5.4780296  43.4479179
  1107  5.4725330  43.4508114
  1108  5.4728235  43.4502986
  1109  5.4732480  43.4417148
  1110  5.4895939  43.4498289
  1111  5.4683520  43.4520351
  1112  5.4648701  43.4424617
  1113  5.5001781  43.4659916
  1114  5.5002488  43.4651484
  1115  5.5030479  43.4609012
  1116  5.4792566  43.4599249
  1117  5.4812373  43.4668648
  1118  5.4813736  43.4667836
  1119  5.4839065  43.4653633
  1120  5.4841038  43.4652528
  1121  5.4811774  43.4666341
  1122  5.4803624  43.4689915
  1123  5.4859285  43.4641431
  1124  5.4779038  43.4689871
  1125  5.4895253  43.4656985
  1126  5.4897126  43.4659325
  1127  5.4887601  43.4655212
  1128  5.4791223  43.4632941
  1129  5.4791494  43.4633886
  1130  5.4891513  43.4655822
  1131  5.4870788  43.4648098
  1132  5.4869655  43.4647645
  1133  5.4796173  43.4686646
  1134  5.4857067  43.4640691
  1135  5.4812306  43.4715441
  1136  5.4918341  43.4761869
  1137  5.4962091  43.4728118
  1138  5.4708495  43.4443663
  1139  5.4712194  43.4442455
  1140  5.4705208  43.4325759
  1141  5.4702179  43.4324051
  1142  5.4712838  43.4443160
  1143  5.4711748  43.4443276
  1144  5.4694075  43.4444628
  1145  5.4721008  43.4325896
  1146  5.4727014  43.4322078
  1147  5.4694996  43.4328732
  1148  5.4670739  43.4334094
  1149  5.4737293  43.4307479
  1150  5.4723125  43.4322888
  1151  5.4717885  43.4330113
  1152  5.4718091  43.4330301
  1153  5.4708238  43.4459537
  1154  5.4697213  43.4460512
  1155  5.4596472  43.4351606
  1156  5.4628122  43.4345051
  1157  5.4626781  43.4346298
  1158  5.4629195  43.4349394
  1159  5.4581614  43.4395686
  1160  5.4582535  43.4396438
  1161  5.4596894  43.4400407
  1162  5.4581844  43.4403217
  1163  5.4614979  43.4358520
  1164  5.4616015  43.4356925
  1165  5.4607603  43.4372854
  1166  5.4609856  43.4374646
  1167  5.4601997  43.4367654
  1168  5.4612365  43.4372901
  1169  5.4613182  43.4354741
  1170  5.4566431  43.4394589
  1171  5.4668802  43.4334908
  1172  5.4683811  43.4330684
  1173  5.4627599  43.4355715
  1174  5.4581272  43.4396585
  1175  5.4643493  43.4328623
  1176  5.4650450  43.4323615
  1177  5.4665278  43.4331375
  1178  5.4611975  43.4355267
  1179  5.4615382  43.4353280
  1180  5.4632126  43.4336316
  1181  5.4609105  43.4354761
  1182  5.4614634  43.4350862
  1183  5.4645621  43.4337549
  1184  5.4647843  43.4331997
  1185  5.4644725  43.4334232
  1186  5.4577241  43.4404833
  1187  5.4570644  43.4408437
  1188  5.4567772  43.4399926
  1189  5.4538885  43.4390237
  1190  5.4555863  43.4422108
  1191  5.4550191  43.4413502
  1192  5.4587484  43.4417716
  1193  5.4586614  43.4411821
  1194  5.4582531  43.4408355
  1195  5.4583222  43.4409858
  1196  5.4582488  43.4410348
  1197  5.4549399  43.4416869
  1198  5.4566498  43.4409361
  1199  5.4576522  43.4410542
  1200  5.5010004  43.4734854
  1201  5.4923091  43.4748896
  1202  5.4929572  43.4746485
  1203  5.4647588  43.4353169
  1204  5.5023994  43.4401674
  1205  5.4667187  43.4355320
  1206  5.4658038  43.4352868
  1207  5.4914683  43.4702656
  1208  5.4914822  43.4712405
  1209  5.4914936  43.4721048
  1210  5.4567597  43.4412813
  1211  5.4933840  43.4746312
  1212  5.4821645  43.4513029
  1213  5.4537061  43.4547404
  1214  5.4517944  43.4544550
  1215  5.4871766  43.4584992
  1216  5.4859838  43.4598657
  1217  5.4833617  43.4627904
  1218  5.4837539  43.4613557
  1219  5.4514688  43.4678825
  1220  5.4515180  43.4678330
  1221  5.4564708  43.4616206
  1222  5.4574156  43.4683957
  1223  5.4577656  43.4661913
  1224  5.4578589  43.4611195
  1225  5.4571584  43.4612720
  1226  5.4485704  43.4599009
  1227  5.4420569  43.4605560
  1228  5.4713749  43.4563344
  1229  5.4717673  43.4561871
  1230  5.4745144  43.4544144
  1231  5.4739694  43.4532638
  1232  5.4641370  43.4361205
  1233  5.4582102  43.4397667
  1234  5.4588156  43.4488728
  1235  5.4541701  43.4518030
  1236  5.4654447  43.4370474
  1237  5.4658575  43.4366720
  1238  5.4718517  43.4333233
  1239  5.4713043  43.4335777
  1240  5.4647685  43.4383784
  1241  5.4650009  43.4369741
  1242  5.4657487  43.4358550
  1243  5.4658332  43.4359733
  1244  5.4654946  43.4367768
  1245  5.4654396  43.4370840
  1246  5.4650929  43.4369960
  1247  5.4655781  43.4353812
  1248  5.4773503  43.4525895
  1249  5.4761134  43.4533956
  1250  5.4759350  43.4535116
  1251  5.4591209  43.4481348
  1252  5.4587555  43.4475688
  1253  5.4790302  43.4468198
  1254  5.4580877  43.4403197
  1255  5.4640034  43.4371517
  1256  5.4651592  43.4367146
  1257  5.4695114  43.4332998
  1258  5.4683160  43.4354089
  1259  5.4679459  43.4359317
  1260  5.4914435  43.4505862
  1261  5.5003607  43.4484870
  1262  5.4752673  43.4331208
  1263  5.4651278  43.4320476
  1264  5.4728516  43.4321211
  1265  5.4796410  43.4470700
  1266  5.4795195  43.4469173
  1267  5.4650863  43.4370242
  1268  5.4661616  43.4372974
  1269  5.4672425  43.4355971
  1270  5.4678044  43.4366157
  1271  5.4594044  43.4493127
  1272  5.4669059  43.4356237
  1273  5.4662863  43.4357189
  1274  5.4654271  43.4361995
  1275  5.4709918  43.4558063
  1276  5.4673115  43.4575791
  1277  5.4698723  43.4551284
  1278  5.4657505  43.4353707
  1279  5.5024412  43.4478515
  1280  5.4577388  43.4660205
  1281  5.4559590  43.4662570
  1282  5.4578953  43.4610631
  1283  5.4489984  43.4501671
  1284  5.4688817  43.4516350
  1285  5.4727056  43.4512993
  1286  5.4727449  43.4513229
  1287  5.4736054  43.4516593
  1288  5.4742720  43.4520122
  1289  5.4727455  43.4514608
  1290  5.4763878  43.4538902
  1291  5.4767247  43.4541989
  1292  5.4768486  43.4542151
  1293  5.4768123  43.4542896
  1294  5.4767943  43.4542922
  1295  5.4765451  43.4542093
  1296  5.4762692  43.4542831
  1297  5.4771373  43.4550754
  1298  5.4764860  43.4542663
  1299  5.4770121  43.4542324
  1300  5.4830997  43.4526113
  1301  5.4766262  43.4542923
  1302  5.4777425  43.4561607
  1303  5.4741954  43.4544433
  1304  5.4718906  43.4567972
  1305  5.4717280  43.4565505
  1306  5.4711086  43.4552283
  1307  5.4707383  43.4553692
  1308  5.4671729  43.4552637
  1309  5.4671710  43.4554168
  1310  5.4653781  43.4535958
  1311  5.4638336  43.4574815
  1312  5.4653041  43.4588400
  1313  5.4632146  43.4575797
  1314  5.4632563  43.4573290
  1315  5.4628443  43.4573920
  1316  5.4625740  43.4575122
  1317  5.4610442  43.4565473
  1318  5.4612232  43.4561207
  1319  5.4630706  43.4569972
  1320  5.4654317  43.4595284
  1321  5.4631583  43.4578106
  1322  5.4658190  43.4629482
  1323  5.4693282  43.4697803
  1324  5.4682206  43.4686381
  1325  5.4678809  43.4682030
  1326  5.4675529  43.4677927
  1327  5.4664433  43.4660782
  1328  5.4629190  43.4656892
  1329  5.4505178  43.4505537
  1330  5.4487343  43.4499066
  1331  5.4591047  43.4559932
  1332  5.4593463  43.4559362
  1333  5.4450285  43.4490936
  1334  5.4897449  43.4659466
  1335  5.4957576  43.4637969
  1336  5.4809050  43.4577295
  1337  5.4674992  43.4600149
  1338  5.4814039  43.4595660
  1339  5.4568024  43.4387273
  1340  5.4918868  43.4712756
  1341  5.4930176  43.4713736
  1342  5.4954792  43.4715869
  1343  5.4929937  43.4719722
  1344  5.4918728  43.4720561
  1345  5.4864535  43.4715480
  1346  5.4956468  43.4711236
  1347  5.4941260  43.4706302
  1348  5.4588025  43.4609301
  1349  5.4585260  43.4611571
  1350  5.4588451  43.4610303
  1351  5.4571142  43.4474794
  1352  5.4557794  43.4465826
  1353  5.4797742  43.4468134
  1354  5.4459238  43.4477782
  1355  5.4477292  43.4458300
  1356  5.4457229  43.4460403
  1357  5.4471893  43.4483391
  1358  5.4480970  43.4469588
  1359  5.4482547  43.4488132
  1360  5.4489762  43.4467438
  1361  5.4581063  43.4407985
  1362  5.4581919  43.4400088
  1363  5.4661590  43.4342712
  1364  5.4657330  43.4350740
  1365  5.4660970  43.4341194
  1366  5.4658311  43.4357821
  1367  5.4649751  43.4390149
  1368  5.4664660  43.4333634
  1369  5.4671184  43.4324182
  1370  5.4685532  43.4308819
  1371  5.4661881  43.4339154
  1372  5.4662362  43.4338518
  1373  5.4664067  43.4335738
  1374  5.4665291  43.4336035
  1375  5.4705734  43.4321688
  1376  5.4722054  43.4317818
  1377  5.4664403  43.4334526
  1378  5.4719035  43.4564475
  1379  5.4842152  43.4561204
  1380  5.4837814  43.4561964
  1381  5.4835198  43.4562369
  1382  5.4823956  43.4565132
  1383  5.4852160  43.4557820
  1384  5.4847923  43.4559780
  1385  5.4847523  43.4559334
  1386  5.4851773  43.4557426
  1387  5.4834779  43.4541685
  1388  5.4834887  43.4542741
  1389  5.4836429  43.4533122
  1390  5.4834850  43.4539492
  1391  5.4875030  43.4517544
  1392  5.4824076  43.4455642
  1393  5.4833935  43.4452853
  1394  5.4819639  43.4456067
  1395  5.4818260  43.4457865
  1396  5.4797151  43.4456288
  1397  5.4798832  43.4454683
  1398  5.4552612  43.4566270
  1399  5.4500433  43.4487815
  1400  5.4519269  43.4495242
  1401  5.4517338  43.4498708
  1402  5.4524471  43.4497733
  1403  5.4555154  43.4523164
  1404  5.4541409  43.4518528
  1405  5.4562792  43.4485624
  1406  5.4561538  43.4485118
  1407  5.4563334  43.4483729
  1408  5.4581754  43.4411192
  1409  5.4581125  43.4415856
  1410  5.4581127  43.4414798
  1411  5.4580856  43.4410134
  1412  5.4580898  43.4408527
  1413  5.4660194  43.4620596
  1414  5.4660034  43.4626460
  1415  5.4658532  43.4624932
  1416  5.5291201  43.4407780
  1417  5.4893895  43.4594451
  1418  5.4633427  43.4575828
  1419  5.4653869  43.4647589
  1420  5.4821861  43.4744243
  1421  5.4612134  43.4655396
  1422  5.4631512  43.4576714
  1423  5.4644484  43.4551677
  1424  5.4645286  43.4553125
  1425  5.4791404  43.4598981
  1426  5.4778952  43.4565002
  1427  5.4779968  43.4565162
  1428  5.4778768  43.4567711
  1429  5.4893453  43.4655578
  1430  5.4894750  43.4656155
  1431  5.4715681  43.4525840
  1432  5.4691350  43.4526859
  1433  5.4590155  43.4557903
  1434  5.4553519  43.4543293
  1435  5.4620738  43.4420780
  1436  5.4624654  43.4421715
  1437  5.4637394  43.4428052
  1438  5.4545689  43.4540383
  1439  5.4545882  43.4540070
  1440  5.4708197  43.4608545
  1441  5.4731159  43.4617490
  1442  5.4879945  43.4544448
  1443  5.4863139  43.4541609
  1444  5.4863039  43.4543627
  1445  5.4860617  43.4543142
  1446  5.4847497  43.4544958
  1447  5.4851563  43.4555737
  1448  5.4859824  43.4552262
  1449  5.4871876  43.4543623
  1450  5.4848247  43.4578350
  1451  5.4848778  43.4575395
  1452  5.4528853  43.4515656
  1453  5.4609413  43.4493643
  1454  5.4619123  43.4498638
  1455  5.4628377  43.4513573
  1456  5.4600372  43.4487959
  1457  5.4601210  43.4487466
  1458  5.4601755  43.4487421
  1459  5.4603006  43.4488104
  1460  5.4601529  43.4486299
  1461  5.4597196  43.4477564
  1462  5.4623310  43.4496602
  1463  5.4646146  43.4489778
  1464  5.4619646  43.4486974
  1465  5.4634988  43.4483430
  1466  5.4617100  43.4492769
  1467  5.4640245  43.4475057
  1468  5.4624454  43.4501179
  1469  5.4718582  43.4419480
  1470  5.4691864  43.4413865
  1471  5.4606557  43.4375132
  1472  5.4625332  43.4356834
  1473  5.4629409  43.4353903
  1474  5.4611613  43.4349638
  1475  5.4618439  43.4344788
  1476  5.4632065  43.4351283
  1477  5.4632829  43.4348936
  1478  5.4624917  43.4347563
  1479  5.4637697  43.4352715
  1480  5.4607362  43.4352053
  1481  5.4521826  43.4412896
  1482  5.4653428  43.4383471
  1483  5.4643838  43.4336139
  1484  5.4679821  43.4351897
  1485  5.4672271  43.4607335
  1486  5.4737842  43.4632348
  1487  5.4687693  43.4553531
  1488  5.4693286  43.4553119
  1489  5.4692582  43.4552160
  1490  5.4695076  43.4552750
  1491  5.4723676  43.4580143
  1492  5.4663679  43.4571835
  1493  5.4785934  43.4621970
  1494  5.4738025  43.4537080
  1495  5.4842363  43.4584660
  1496  5.4760998  43.4543003
  1497  5.4747338  43.4474395
  1498  5.4727001  43.4441747
  1499  5.4696941  43.4462810
  1500  5.4695670  43.4463996
  1501  5.4688847  43.4469779
  1502  5.4801426  43.4454624
  1503  5.4797276  43.4457813
  1504  5.4796478  43.4457277
  1505  5.4784982  43.4467882
  1506  5.4766081  43.4468027
  1507  5.4765773  43.4467248
  1508  5.4769167  43.4467085
  1509  5.4841615  43.4538101
  1510  5.4839712  43.4360842
  1511  5.4821106  43.4437478
  1512  5.4869463  43.4422199
  1513  5.4841819  43.4538419
  1514  5.4844571  43.4555706
  1515  5.4801143  43.4354087
  1516  5.4800732  43.4352781
  1517  5.4883307  43.4382261
  1518  5.4908957  43.4526046
  1519  5.4917409  43.4560483
  1520  5.4848495  43.4547092
  1521  5.4768414  43.4564605
  1522  5.4775161  43.4521692
  1523  5.4977721  43.4617932
  1524  5.4869248  43.4647468
  1525  5.4827175  43.4623179
  1526  5.4657294  43.4712659
  1527  5.5037882  43.4705269
  1528  5.5002152  43.4694657
  1529  5.5008291  43.4715164
  1530  5.5000212  43.4715485
  1531  5.5005716  43.4715177
  1532  5.5013771  43.4716443
  1533  5.5019767  43.4718173
  1534  5.4894680  43.4654074
  1535  5.4906937  43.4643941
  1536  5.4913938  43.4642228
  1537  5.4943448  43.4625562
  1538  5.4511329  43.4690975
  1539  5.4500341  43.4718244
  1540  5.4532826  43.4719483
  1541  5.4527826  43.4723857
  1542  5.4505831  43.4699024
  1543  5.4506910  43.4697575
  1544  5.4559585  43.4573328
  1545  5.4573607  43.4571034
  1546  5.4590212  43.4570307
  1547  5.4789303  43.4506854
  1548  5.4451686  43.4716373
  1549  5.4440235  43.4716611
  1550  5.4455296  43.4716306
  1551  5.4529910  43.4529477
  1552  5.4530894  43.4530301
  1553  5.4535613  43.4534582
  1554  5.4536507  43.4535050
  1555  5.4542575  43.4538413
  1556  5.5070687  43.4271967
  1557  5.4947126  43.4466408
  1558  5.4700419  43.4561497
  1559  5.4692233  43.4550797
  1560  5.4635371  43.4583942
  1561  5.4834643  43.4628666
  1562  5.4768029  43.4542799
  1563  5.4580765  43.4398609
  1564  5.4835652  43.4452162
  1565  5.4869390  43.4649733
  1566  5.4571471  43.4379426
  1567  5.4669275  43.4324321
  1568  5.4714353  43.4646134
  1569  5.4718637  43.4643574
  1570  5.4723411  43.4657045
  1571  5.4644090  43.4572285
  1572  5.4726847  43.4580092
  1573  5.4996651  43.4294243
  1574  5.4637247  43.4644633
  1575  5.4730436  43.4443216
  1576  5.4729771  43.4442314
  1577  5.4898078  43.4546377
  1578  5.4748461  43.4586920
  1579  5.4747917  43.4587899
  1580  5.4738985  43.4531157
  1581  5.4757553  43.4567128
  1582  5.4827590  43.4697408
  1583  5.4783384  43.4596787
  1584  5.4770418  43.4593052
  1585  5.4727761  43.4579709
  1586  5.4671831  43.4542130
  1587  5.4672298  43.4566181
  1588  5.4720484  43.4685425
  1589  5.4660162  43.4622888
  1590  5.4658363  43.4628532
  1591  5.5007525  43.4660834
  1592  5.5008358  43.4653430
  1593  5.5021905  43.4645909
  1594  5.5012519  43.4663541
  1595  5.5023123  43.4666538
  1596  5.4785201  43.4593806
  1597  5.4772747  43.4588648
  1598  5.4571223  43.4442216
  1599  5.4693362  43.4485721
  1600  5.4691754  43.4497363
  1601  5.4506466  43.4565187
  1602  5.4504249  43.4565763
  1603  5.4471602  43.4560506
  1604  5.4500957  43.4569083
  1605  5.4618131  43.4581650
  1606  5.4531441  43.4611523
  1607  5.4508930  43.4602599
  1608  5.4579684  43.4604708
  1609  5.4573042  43.4693678
  1610  5.4591401  43.4558220
  1611  5.4592607  43.4558706
  1612  5.4592262  43.4559154
  1613  5.4591798  43.4559247
  1614  5.4591061  43.4558663
  1615  5.4591188  43.4558995
